Date,dY_prod,dY_inc,dY,dhours,dLP,dk,dLQ_BLS_interpolated,dLQ_Aaronson_Sullivan,dLQ,alpha,dtfp,dutil,dtfp_util,relativePrice,invShare,dtfp_I,dtfp_C,du_invest,du_consumption,dtfp_I_util,dtfp_C_util
1947-03-01,,,,,,,,,,0.33,,,,,0.19
1947-06-01,1.25,1.75,1.50,-0.51,2.01,4.92,0.59,,0.59,0.33,-0.16,1.15,-1.31,-4.48,0.19,-3.78,0.70,0.42,1.32,-4.20,-0.62
1947-09-01,-0.96,0.74,-0.11,3.09,-3.20,3.94,0.57,,0.57,0.33,-3.86,-5.42,1.56,5.96,0.19,0.98,-4.98,-9.28,-4.52,10.26,-0.46
1947-12-01,8.26,5.44,6.85,3.03,3.82,3.21,0.55,,0.55,0.33,3.39,5.17,-1.79,5.19,0.19,7.58,2.39,13.19,3.27,-5.61,-0.88
1948-03-01,7.21,12.84,10.02,-1.99,12.01,3.72,0.53,,0.53,0.33,9.79,-2.34,12.13,4.59,0.19,13.49,8.90,-6.29,-1.39,19.78,10.29
1948-06-01,8.22,11.23,9.73,0.19,9.54,4.02,0.39,,0.39,0.33,8.03,-0.60,8.62,-4.14,0.19,4.66,8.80,-7.82,1.07,12.48,7.73
1948-09-01,1.65,-0.62,0.52,3.63,-3.11,4.37,0.24,,0.24,0.33,-3.51,-4.86,1.35,-8.89,0.19,-10.71,-1.82,-0.38,-5.92,-10.33,4.10
1948-12-01,-0.27,1.43,0.58,-2.56,3.14,4.67,0.09,,0.09,0.32,0.73,-2.16,2.89,-4.88,0.19,-3.21,1.67,0.56,-2.81,-3.77,4.48
1949-03-01,-6.88,-9.65,-8.26,-5.65,-2.61,4.77,-0.05,,-0.05,0.32,-5.94,-4.10,-1.84,-2.35,0.19,-7.85,-5.50,-8.44,-3.09,0.60,-2.41
1949-06-01,-2.04,-1.88,-1.96,-3.62,1.66,3.35,0.24,,0.24,0.32,-0.75,-6.95,6.20,-2.84,0.20,-3.03,-0.19,-12.60,-5.55,9.58,5.36
1949-09-01,4.82,2.68,3.75,-6.62,10.37,2.39,0.52,,0.52,0.33,7.08,3.49,3.60,0.20,0.20,7.24,7.04,11.54,1.50,-4.30,5.54
1949-12-01,-4.22,-7.18,-5.70,-5.16,-0.54,2.17,0.81,,0.81,0.33,-3.50,-3.65,0.15,0.60,0.20,-3.02,-3.62,-13.49,-1.13,10.47,-2.49
1950-03-01,18.83,19.29,19.06,1.27,17.79,1.52,1.10,,1.10,0.34,16.98,8.77,8.21,-1.37,0.20,15.89,17.26,22.58,5.32,-6.69,11.94
1950-06-01,13.33,18.39,15.86,8.83,7.03,2.36,0.84,,0.84,0.34,8.67,9.17,-0.50,-2.76,0.20,6.47,9.23,21.41,6.04,-14.94,3.19
1950-09-01,16.45,16.35,16.40,10.17,6.23,3.16,0.59,,0.59,0.34,8.24,8.23,0.01,2.60,0.23,10.24,7.64,10.25,7.63,-0.00,0.01
1950-12-01,4.40,4.28,4.34,2.46,1.88,3.99,0.34,,0.34,0.34,1.14,0.37,0.77,-1.13,0.21,0.24,1.37,-3.53,1.39,3.78,-0.02
1951-03-01,3.87,0.01,1.94,4.13,-2.19,4.74,0.09,,0.09,0.34,-2.45,0.48,-2.94,-0.14,0.21,-2.57,-2.42,-2.51,1.26,-0.06,-3.68
1951-06-01,3.83,3.79,3.81,2.07,1.74,3.97,0.11,,0.11,0.34,1.02,2.93,-1.90,-0.22,0.19,0.85,1.06,1.39,3.28,-0.55,-2.21
1951-09-01,6.44,5.12,5.78,-4.68,10.46,4.31,0.14,,0.14,0.33,7.38,-3.72,11.09,0.46,0.18,7.75,7.29,-6.00,-3.20,13.76,10.50
1951-12-01,0.24,3.49,1.87,1.37,0.50,3.78,0.16,,0.16,0.33,-0.40,0.65,-1.05,0.85,0.18,0.30,-0.56,0.23,0.74,0.06,-1.30
1952-03-01,3.70,1.65,2.68,1.84,0.84,3.10,0.19,,0.19,0.32,0.30,5.28,-4.98,-3.16,0.18,-2.27,0.88,5.36,5.26,-7.64,-4.38
1952-06-01,-0.84,0.95,0.05,-4.13,4.18,3.19,0.35,,0.35,0.32,1.61,-6.12,7.73,3.86,0.19,4.75,0.89,-11.54,-4.87,16.29,5.76
1952-09-01,2.28,3.28,2.78,1.33,1.45,2.72,0.52,,0.52,0.31,0.65,3.86,-3.20,0.85,0.17,1.36,0.51,0.23,4.59,1.12,-4.08
1952-12-01,15.99,15.05,15.52,9.56,5.96,2.42,0.69,,0.69,0.31,7.71,7.55,0.17,7.49,0.18,13.83,6.34,20.90,4.54,-7.08,1.80
1953-03-01,8.41,7.96,8.18,2.00,6.18,3.11,0.85,,0.85,0.31,5.25,-3.85,9.10,-3.27,0.19,2.60,5.87,-3.89,-3.84,6.49,9.71
1953-06-01,2.75,2.28,2.51,-0.51,3.02,3.40,0.85,,0.85,0.31,1.23,-3.29,4.51,-0.61,0.19,0.73,1.34,-2.83,-3.39,3.57,4.73
1953-09-01,-3.67,-4.06,-3.86,-3.48,-0.38,3.35,0.86,,0.86,0.31,-3.07,-8.30,5.23,3.25,0.19,-0.45,-3.69,-9.86,-7.93,9.42,4.24
1953-12-01,-7.59,-10.15,-8.87,-6.61,-2.26,3.38,0.86,,0.86,0.31,-5.91,-8.08,2.16,0.83,0.19,-5.24,-6.07,-12.85,-6.97,7.61,0.90
1954-03-01,-2.51,0.99,-0.76,-2.55,1.80,2.84,0.86,,0.86,0.31,-0.45,-5.77,5.32,-3.30,0.18,-3.14,0.16,-7.21,-5.45,4.07,5.61
1954-06-01,-0.06,0.32,0.13,-5.48,5.61,2.44,0.66,,0.66,0.31,2.72,-0.41,3.13,4.29,0.19,6.21,1.92,-0.63,-0.36,6.84,2.27
1954-09-01,4.72,3.60,4.16,-1.53,5.68,2.11,0.45,,0.45,0.31,4.24,0.42,3.82,5.71,0.19,8.89,3.18,0.87,0.32,8.02,2.86
1954-12-01,8.55,9.28,8.92,2.80,6.11,2.32,0.24,,0.24,0.32,6.10,4.19,1.92,1.13,0.19,7.02,5.89,9.19,3.03,-2.17,2.86
1955-03-01,13.42,12.95,13.18,7.30,5.89,2.44,0.04,,0.04,0.33,7.46,9.04,-1.58,0.92,0.19,8.20,7.28,17.35,7.08,-9.15,0.20
1955-06-01,7.83,9.69,8.76,4.23,4.54,2.87,0.06,,0.06,0.33,4.95,3.65,1.30,-1.25,0.20,3.95,5.20,3.29,3.74,0.66,1.46
1955-09-01,5.47,5.40,5.44,6.02,-0.59,3.41,0.08,,0.08,0.33,0.23,-1.35,1.58,-2.36,0.21,-1.64,0.72,-2.36,-1.08,0.72,1.80
1955-12-01,1.84,2.67,2.25,4.44,-2.19,3.68,0.10,,0.10,0.33,-2.01,3.66,-5.67,-1.57,0.20,-3.25,-1.69,1.81,4.14,-5.07,-5.82
1956-03-01,-2.48,-0.10,-1.29,-0.98,-0.31,3.94,0.13,,0.13,0.32,-1.99,-4.06,2.07,0.05,0.20,-1.95,-2.00,-12.81,-1.90,10.86,-0.09
1956-06-01,3.44,4.43,3.93,1.08,2.85,3.59,0.21,,0.21,0.32,1.91,-4.62,6.52,0.39,0.20,2.22,1.83,-7.61,-3.88,9.83,5.71
1956-09-01,-1.71,-0.74,-1.23,-1.66,0.43,3.54,0.30,,0.30,0.32,-1.42,0.72,-2.14,-3.00,0.20,-3.83,-0.83,5.17,-0.38,-9.00,-0.45
1956-12-01,7.19,7.67,7.43,-1.01,8.44,3.51,0.39,,0.39,0.31,6.75,3.92,2.83,-3.91,0.20,3.62,7.53,9.45,2.53,-5.83,5.00
1957-03-01,2.45,0.49,1.47,-0.17,1.64,3.44,0.48,,0.48,0.32,0.17,-3.67,3.84,-0.42,0.20,-0.17,0.26,-6.48,-2.96,6.31,3.22
1957-06-01,-2.11,-1.48,-1.79,-2.17,0.38,3.36,0.48,,0.48,0.32,-1.70,-7.60,5.90,-0.91,0.20,-2.42,-1.51,-15.17,-5.70,12.75,4.18
1957-09-01,3.76,1.02,2.39,-0.35,2.74,3.29,0.48,,0.48,0.31,1.27,-3.13,4.39,2.19,0.20,3.02,0.83,-3.36,-3.07,6.38,3.89
1957-12-01,-5.27,-5.82,-5.54,-9.38,3.83,3.49,0.48,,0.48,0.31,-0.52,-9.33,8.82,-1.00,0.20,-1.32,-0.32,-11.27,-8.85,9.95,8.53
1958-03-01,-13.63,-11.71,-12.67,-10.72,-1.95,2.93,0.48,,0.48,0.31,-6.50,-7.84,1.33,-1.97,0.19,-8.10,-6.13,-16.39,-5.81,8.30,-0.32
1958-06-01,1.87,0.03,0.95,-3.78,4.72,2.19,0.34,,0.34,0.31,2.65,1.75,0.90,1.16,0.19,3.59,2.43,5.60,0.87,-2.02,1.56
1958-09-01,10.21,10.25,10.23,2.99,7.24,1.86,0.20,,0.20,0.31,7.46,7.54,-0.08,0.92,0.18,8.21,7.29,9.12,7.18,-0.91,0.10
1958-12-01,10.86,10.79,10.82,6.13,4.69,2.01,0.06,,0.06,0.32,5.95,5.00,0.96,0.79,0.18,6.60,5.81,8.56,4.20,-1.96,1.61
1959-03-01,9.37,10.29,9.83,6.13,3.69,2.35,-0.08,,-0.08,0.32,4.97,9.03,-4.06,-4.35,0.19,1.45,5.80,15.83,7.42,-14.38,-1.63
1959-06-01,10.33,12.74,11.53,9.26,2.27,2.55,0.11,,0.11,0.33,4.38,4.30,0.08,-1.27,0.19,3.36,4.63,5.02,4.13,-1.67,0.50
1959-09-01,-0.75,-5.17,-2.96,-3.69,0.73,2.91,0.30,,0.30,0.33,-1.63,-5.27,3.64,0.98,0.20,-0.84,-1.82,-7.70,-4.67,6.86,2.85
1959-12-01,0.16,2.09,1.13,-0.31,1.43,2.82,0.49,,0.49,0.32,0.09,-3.51,3.59,1.18,0.19,1.04,-0.14,-9.08,-2.19,10.12,2.05
1960-03-01,9.85,9.76,9.81,-0.98,10.79,2.88,0.68,,0.68,0.32,9.10,2.84,6.26,0.91,0.19,9.83,8.93,16.12,-0.32,-6.29,9.24
1960-06-01,-4.59,-1.97,-3.28,3.87,-7.15,3.25,0.60,,0.60,0.31,-7.37,-6.73,-0.63,1.17,0.20,-6.43,-7.60,-16.36,-4.37,9.94,-3.23
1960-09-01,1.61,-0.74,0.44,-0.59,1.02,2.87,0.52,,0.52,0.31,-0.41,-2.58,2.17,1.72,0.19,0.98,-0.74,-3.83,-2.27,4.82,1.53
1960-12-01,-7.75,-4.06,-5.90,-4.50,-1.40,2.58,0.43,,0.43,0.31,-3.90,-7.10,3.20,2.52,0.19,-1.87,-4.38,-11.79,-5.99,9.92,1.61
1961-03-01,2.30,-0.07,1.11,-2.23,3.34,1.99,0.35,,0.35,0.31,1.78,2.34,-0.55,0.63,0.18,2.29,1.67,-3.63,3.67,5.92,-2.00
1961-06-01,8.07,7.95,8.01,-4.54,12.55,1.99,0.59,,0.59,0.31,10.10,7.65,2.44,-0.47,0.18,9.72,10.18,14.51,6.11,-4.79,4.08
1961-09-01,8.37,6.90,7.64,2.86,4.78,2.39,0.82,,0.82,0.32,4.36,1.83,2.53,-0.08,0.18,4.29,4.38,-2.24,2.75,6.53,1.63
1961-12-01,7.72,9.76,8.74,3.87,4.87,2.66,1.06,,1.06,0.32,4.53,7.79,-3.26,1.53,0.19,5.77,4.24,23.41,4.16,-17.64,0.08
1962-03-01,7.85,4.97,6.41,4.05,2.35,2.90,1.29,,1.29,0.32,1.84,-1.95,3.79,2.13,0.19,3.57,1.44,-2.60,-1.80,6.17,3.24
1962-06-01,3.45,4.49,3.97,2.16,1.81,3.18,0.96,,0.96,0.32,0.83,2.43,-1.60,0.82,0.19,1.50,0.67,4.10,2.03,-2.61,-1.36
1962-09-01,5.11,4.02,4.56,-2.07,6.63,3.21,0.64,,0.64,0.32,4.50,-0.37,4.87,-0.11,0.19,4.41,4.52,0.31,-0.53,4.10,5.05
1962-12-01,0.77,4.96,2.87,-2.74,5.60,3.28,0.32,,0.32,0.32,3.44,-1.20,4.63,1.69,0.19,4.80,3.11,-1.93,-1.02,6.73,4.13
1963-03-01,4.68,3.73,4.21,2.98,1.23,3.10,0.00,,0.00,0.33,1.19,1.79,-0.60,2.12,0.20,2.89,0.77,0.44,2.12,2.45,-1.35
1963-06-01,4.58,6.18,5.38,2.54,2.84,3.21,0.03,,0.03,0.33,2.60,2.31,0.29,-0.61,0.20,2.11,2.72,1.15,2.60,0.96,0.12
1963-09-01,9.83,5.61,7.72,-0.12,7.84,3.21,0.06,,0.06,0.33,6.71,1.04,5.67,-0.50,0.20,6.30,6.80,1.49,0.93,4.81,5.88
1963-12-01,2.62,3.66,3.14,2.15,0.99,3.39,0.08,,0.08,0.33,0.53,0.81,-0.29,1.28,0.20,1.55,0.27,3.20,0.22,-1.65,0.05
1964-03-01,9.71,7.47,8.59,5.66,2.93,3.44,0.11,,0.11,0.33,3.59,-2.08,5.66,0.54,0.20,4.02,3.48,-3.35,-1.76,7.37,5.24
1964-06-01,4.22,6.21,5.22,3.53,1.68,3.54,0.05,,0.05,0.33,1.65,4.59,-2.94,1.02,0.20,2.46,1.44,8.64,3.56,-6.18,-2.12
1964-09-01,6.90,6.16,6.53,2.21,4.32,3.62,-0.02,,-0.02,0.33,3.86,0.26,3.60,2.50,0.21,5.85,3.35,2.08,-0.21,3.77,3.56
1964-12-01,0.54,3.85,2.20,2.57,-0.37,3.82,-0.08,,-0.08,0.33,-0.74,0.12,-0.86,2.58,0.20,1.32,-1.26,-5.27,1.49,6.59,-2.75
1965-03-01,11.63,10.69,11.16,4.87,6.29,3.86,-0.15,,-0.15,0.34,6.73,7.22,-0.50,1.48,0.21,7.89,6.41,18.02,4.32,-10.13,2.09
1965-06-01,5.06,5.10,5.08,5.16,-0.08,4.81,-0.13,,-0.13,0.34,0.12,-1.09,1.21,2.95,0.21,2.46,-0.50,-4.61,-0.15,7.06,-0.35
1965-09-01,9.59,5.51,7.55,-0.61,8.16,4.74,-0.12,,-0.12,0.34,6.41,-1.93,8.35,2.13,0.21,8.09,5.96,-7.13,-0.53,15.21,6.49
1965-12-01,9.95,9.35,9.65,4.14,5.51,4.96,-0.10,,-0.10,0.34,5.30,2.68,2.62,4.57,0.21,8.89,4.32,6.42,1.66,2.46,2.66
1966-03-01,11.00,9.80,10.40,3.94,6.46,5.04,-0.09,,-0.09,0.34,6.15,2.86,3.28,2.94,0.22,8.44,5.51,3.42,2.71,5.03,2.80
1966-06-01,0.36,2.00,1.18,2.87,-1.68,5.68,0.03,,0.03,0.34,-2.65,-0.62,-2.03,2.67,0.22,-0.55,-3.22,-2.93,0.01,2.37,-3.24
1966-09-01,2.20,1.41,1.80,0.80,1.00,5.70,0.15,,0.15,0.33,-0.73,-1.70,0.97,2.28,0.22,1.06,-1.22,-4.15,-1.02,5.20,-0.21
1966-12-01,2.34,2.63,2.48,-0.82,3.31,5.82,0.26,,0.26,0.33,0.93,-2.82,3.76,1.55,0.22,2.14,0.60,-6.39,-1.84,8.53,2.43
1967-03-01,3.28,1.71,2.50,-0.23,2.73,5.93,0.38,,0.38,0.33,0.45,-7.36,7.81,1.02,0.21,1.26,0.24,-15.03,-5.32,16.29,5.56
1967-06-01,-0.58,1.94,0.68,-3.89,4.57,5.34,0.15,,0.15,0.33,1.45,-3.01,4.46,-0.09,0.22,1.38,1.47,-3.30,-2.93,4.69,4.40
1967-09-01,3.35,3.87,3.61,2.46,1.15,4.71,-0.07,,-0.07,0.33,0.47,2.08,-1.61,0.01,0.21,0.47,0.47,7.71,0.56,-7.23,-0.09
1967-12-01,2.73,3.99,3.36,1.82,1.54,4.51,-0.30,,-0.30,0.33,0.87,-2.74,3.61,0.11,0.21,0.95,0.84,-8.60,-1.15,9.55,1.99
1968-03-01,8.94,6.14,7.54,0.37,7.17,4.46,-0.52,,-0.52,0.33,6.19,0.34,5.85,2.43,0.22,8.09,5.66,9.49,-2.21,-1.40,7.87
1968-06-01,7.14,6.39,6.77,3.08,3.69,4.69,-0.28,,-0.28,0.33,3.35,0.85,2.50,2.09,0.21,4.99,2.90,2.55,0.38,2.45,2.52
1968-09-01,2.91,5.81,4.36,2.25,2.11,4.65,-0.03,,-0.03,0.32,1.35,1.94,-0.59,-0.58,0.22,0.90,1.48,0.89,2.24,0.01,-0.76
1968-12-01,1.57,3.03,2.30,2.35,-0.05,4.67,0.22,,0.22,0.32,-0.94,1.05,-2.00,1.97,0.22,0.59,-1.38,1.94,0.80,-1.35,-2.18
1969-03-01,6.94,3.95,5.44,5.66,-0.22,4.84,0.46,,0.46,0.32,-0.27,0.35,-0.62,2.34,0.22,1.55,-0.79,-5.15,1.92,6.70,-2.71
1969-06-01,0.45,2.03,1.24,0.90,0.34,5.22,0.52,,0.52,0.31,-1.37,1.65,-3.02,3.22,0.22,1.14,-2.08,-0.46,2.25,1.59,-4.33
1969-09-01,2.50,2.56,2.53,1.23,1.29,5.14,0.58,,0.58,0.31,-0.31,0.47,-0.79,1.73,0.22,1.04,-0.69,0.93,0.35,0.11,-1.04
1969-12-01,-3.10,-1.69,-2.39,-1.85,-0.55,5.40,0.65,,0.65,0.30,-3.19,-2.39,-0.80,1.83,0.22,-1.76,-3.59,-5.13,-1.62,3.37,-1.97
1970-03-01,-0.29,-3.00,-1.65,-2.08,0.44,5.01,0.71,,0.71,0.30,-2.16,-6.68,4.52,1.39,0.22,-1.08,-2.46,-12.06,-5.19,10.98,2.72
1970-06-01,0.67,0.01,0.34,-3.89,4.23,4.98,0.36,,0.36,0.29,1.37,-5.75,7.12,3.37,0.22,4.01,0.64,-5.20,-5.91,9.21,6.55
1970-09-01,4.33,3.89,4.11,-2.59,6.70,4.70,0.02,,0.02,0.29,4.55,-1.06,5.61,-0.93,0.22,3.82,4.75,1.34,-1.72,2.48,6.46
1970-12-01,-6.39,-5.77,-6.08,-3.81,-2.27,4.65,-0.32,,-0.32,0.30,-4.55,-4.06,-0.49,-0.84,0.21,-5.22,-4.37,-8.59,-2.88,3.37,-1.49
1971-03-01,13.34,9.60,11.47,1.90,9.57,3.85,-0.66,,-0.66,0.30,9.44,4.46,4.98,-0.83,0.21,8.79,9.62,13.10,2.14,-4.31,7.49
1971-06-01,2.53,3.15,2.84,2.35,0.49,4.06,-0.41,,-0.41,0.31,0.26,0.09,0.16,2.73,0.21,2.40,-0.33,-3.99,1.21,6.39,-1.54
1971-09-01,3.77,3.92,3.85,-1.04,4.89,3.98,-0.16,,-0.16,0.31,3.45,-5.31,8.76,4.53,0.21,7.01,2.48,-11.30,-3.67,18.31,6.15
1971-12-01,0.71,6.08,3.40,4.05,-0.65,3.66,0.09,,0.09,0.31,-0.60,5.17,-5.77,4.06,0.22,2.57,-1.49,16.05,2.09,-13.49,-3.58
1972-03-01,9.49,7.48,8.48,4.96,3.53,3.34,0.35,,0.35,0.31,3.79,2.24,1.55,2.32,0.22,5.60,3.28,7.37,0.78,-1.78,2.49
1972-06-01,11.44,6.39,8.91,2.04,6.87,4.12,0.11,,0.11,0.31,6.15,3.36,2.79,-0.45,0.22,5.80,6.25,9.92,1.52,-4.12,4.73
1972-09-01,4.22,7.79,6.01,3.07,2.93,4.60,-0.12,,-0.12,0.31,2.55,0.13,2.42,2.00,0.22,4.11,2.10,1.39,-0.23,2.72,2.33
1972-12-01,7.94,12.56,10.25,3.64,6.61,4.87,-0.36,,-0.36,0.31,6.48,2.90,3.58,5.71,0.23,10.90,5.18,6.90,1.72,3.99,3.46
1973-03-01,12.71,9.18,10.95,5.30,5.65,5.41,-0.59,,-0.59,0.31,6.02,1.75,4.28,3.43,0.23,8.66,5.23,2.86,1.41,5.81,3.82
1973-06-01,5.28,2.52,3.90,4.27,-0.37,5.64,-0.17,,-0.17,0.31,-0.67,1.70,-2.37,3.86,0.23,2.31,-1.55,-0.30,2.29,2.61,-3.84
1973-09-01,-3.30,1.09,-1.10,2.29,-3.39,5.77,0.25,,0.25,0.31,-4.62,-0.64,-3.98,6.67,0.23,0.53,-6.14,-4.12,0.38,4.64,-6.52
1973-12-01,3.98,4.50,4.24,2.37,1.87,5.39,0.67,,0.67,0.30,0.50,-0.63,1.13,6.42,0.22,5.50,-0.92,-3.35,0.14,8.85,-1.07
1974-03-01,-5.77,-5.42,-5.59,-0.02,-5.57,5.42,1.08,,1.08,0.30,-7.95,-4.79,-3.16,5.32,0.22,-3.80,-9.12,-9.59,-3.44,5.79,-5.68
1974-06-01,0.59,-2.66,-1.04,-0.71,-0.33,4.98,0.79,,0.79,0.30,-2.56,-5.68,3.12,-0.66,0.22,-3.08,-2.42,-13.39,-3.51,10.31,1.09
1974-09-01,-5.56,-3.45,-4.51,-2.18,-2.33,4.68,0.49,,0.49,0.30,-4.71,1.76,-6.47,-1.83,0.23,-6.13,-4.30,8.04,-0.06,-14.16,-4.23
1974-12-01,-2.80,-7.02,-4.91,-5.93,1.02,4.50,0.19,,0.19,0.30,-2.27,-7.87,5.60,-2.82,0.21,-4.49,-1.67,-8.97,-7.58,4.48,5.90
1975-03-01,-7.40,-7.05,-7.22,-12.74,5.52,4.01,-0.10,,-0.10,0.31,0.38,-9.43,9.80,-1.97,0.21,-1.17,0.80,-17.30,-7.28,16.13,8.08
1975-06-01,3.17,3.79,3.48,-3.25,6.72,2.95,-0.17,,-0.17,0.32,4.87,0.65,4.22,-4.99,0.21,0.95,5.94,2.38,0.17,-1.44,5.77
1975-09-01,8.42,10.04,9.23,4.05,5.18,2.46,-0.23,,-0.23,0.32,5.85,7.46,-1.61,2.59,0.22,7.88,5.28,12.11,6.17,-4.23,-0.88
1975-12-01,6.76,5.05,5.90,5.68,0.22,2.56,-0.29,,-0.29,0.32,1.43,5.78,-4.35,0.31,0.22,1.67,1.36,9.17,4.83,-7.50,-3.47
1976-03-01,11.44,10.57,11.00,5.74,5.27,2.62,-0.36,,-0.36,0.32,6.52,6.10,0.42,-1.92,0.22,5.02,6.94,11.41,4.60,-6.40,2.34
1976-06-01,3.53,2.98,3.25,0.95,2.30,2.96,-0.26,,-0.26,0.32,1.83,-1.50,3.33,-0.71,0.22,1.28,1.99,-3.95,-0.80,5.22,2.79
1976-09-01,2.40,3.54,2.97,1.86,1.11,3.21,-0.17,,-0.17,0.32,0.79,1.10,-0.31,0.32,0.22,1.04,0.72,2.31,0.75,-1.27,-0.03
1976-12-01,3.38,1.25,2.32,0.91,1.41,3.33,-0.08,,-0.08,0.32,0.67,-3.28,3.95,0.30,0.23,0.91,0.61,-5.57,-2.61,6.48,3.21
1977-03-01,6.39,6.05,6.22,3.96,2.26,3.28,0.02,,0.02,0.33,2.47,-0.23,2.70,1.35,0.23,3.51,2.15,3.08,-1.24,0.42,3.39
1977-06-01,9.49,11.56,10.53,8.80,1.73,3.46,0.01,,0.01,0.33,3.47,6.08,-2.62,3.12,0.23,5.86,2.75,13.30,3.92,-7.43,-1.17
1977-09-01,8.37,8.53,8.45,3.16,5.29,3.68,-0.00,,-0.00,0.33,5.12,-1.96,7.08,0.12,0.23,5.22,5.10,-3.07,-1.62,8.29,6.72
1977-12-01,-0.39,2.54,1.07,4.08,-3.01,3.86,-0.01,,-0.01,0.33,-2.92,2.16,-5.08,-0.17,0.24,-3.06,-2.88,2.68,1.99,-5.74,-4.88
1978-03-01,0.48,1.95,1.22,2.03,-0.82,3.86,-0.02,,-0.02,0.33,-1.40,-5.05,3.65,1.91,0.23,0.06,-1.85,-11.96,-2.92,12.03,1.08
1978-06-01,18.99,14.75,16.87,11.19,5.68,3.99,0.04,,0.04,0.33,8.00,8.21,-0.21,3.54,0.24,10.70,7.16,13.07,6.69,-2.38,0.47
1978-09-01,4.39,3.01,3.70,3.29,0.42,4.72,0.11,,0.11,0.32,-0.13,-0.33,0.20,1.64,0.24,1.13,-0.51,-1.08,-0.10,2.20,-0.41
1978-12-01,5.86,3.95,4.90,4.32,0.59,4.98,0.18,,0.18,0.32,0.25,1.04,-0.79,2.81,0.24,2.40,-0.41,2.69,0.53,-0.29,-0.94
1979-03-01,0.51,3.64,2.07,2.81,-0.74,5.34,0.25,,0.25,0.32,-1.71,-0.63,-1.08,0.56,0.24,-1.28,-1.85,-0.87,-0.56,-0.41,-1.29
1979-06-01,0.47,-2.65,-1.09,0.87,-1.96,5.48,0.24,1.12,1.12,0.31,-4.18,-9.27,5.09,4.08,0.23,-1.05,-5.13,-25.24,-4.43,24.19,-0.69
1979-09-01,3.53,0.36,1.94,3.58,-1.64,5.37,0.24,-0.90,-0.90,0.31,-1.57,3.88,-5.46,2.57,0.23,0.40,-2.18,7.14,2.88,-6.74,-5.06
1979-12-01,0.57,1.31,0.94,1.47,-0.53,5.43,0.23,-0.23,-0.23,0.31,-1.59,-0.93,-0.65,-0.03,0.23,-1.61,-1.58,-3.00,-0.32,1.39,-1.26
1980-03-01,0.72,-1.30,-0.29,-1.89,1.60,5.30,0.22,0.04,0.04,0.30,-0.62,-8.99,8.37,-2.13,0.23,-2.26,-0.13,-7.36,-9.47,5.10,9.35
1980-06-01,-11.40,-9.18,-10.29,-7.06,-3.23,5.12,0.31,1.02,1.02,0.30,-7.64,-5.09,-2.55,-0.84,0.22,-8.30,-7.46,-18.22,-1.43,9.92,-6.03
1980-09-01,-0.98,3.46,1.24,-1.49,2.73,4.32,0.39,0.93,0.93,0.31,0.31,2.31,-2.00,1.42,0.22,1.41,-0.01,6.30,1.17,-4.89,-1.17
1980-12-01,9.40,11.74,10.57,5.44,5.13,4.04,0.47,0.55,0.55,0.31,5.18,9.06,-3.88,4.68,0.22,8.82,4.15,21.21,5.60,-12.39,-1.46
1981-03-01,9.73,3.51,6.62,2.26,4.36,4.08,0.55,-0.12,-0.12,0.32,3.87,-0.91,4.78,5.14,0.22,7.88,2.74,-5.70,0.44,13.58,2.30
1981-06-01,-4.10,-0.06,-2.08,-0.47,-1.61,4.60,0.52,0.09,0.09,0.32,-3.29,0.73,-4.02,-0.61,0.22,-3.76,-3.15,3.78,-0.12,-7.54,-3.03
1981-09-01,5.54,6.77,6.16,0.07,6.09,4.46,0.49,0.22,0.22,0.32,4.52,-4.05,8.58,2.67,0.22,6.60,3.93,-4.83,-3.83,11.43,7.76
1981-12-01,-6.41,-6.19,-6.30,-1.55,-4.75,4.85,0.46,0.86,0.86,0.32,-7.39,-5.55,-1.84,0.76,0.22,-6.80,-7.55,-8.83,-4.64,2.03,-2.92
1982-03-01,-8.60,-4.62,-6.61,-6.87,0.26,4.96,0.43,1.85,1.85,0.32,-4.78,-6.79,2.01,2.01,0.22,-3.22,-5.23,-15.41,-4.33,12.19,-0.90
1982-06-01,1.82,1.36,1.59,1.29,0.30,4.30,0.45,1.03,1.03,0.32,-1.36,1.56,-2.93,1.33,0.22,-0.32,-1.65,8.34,-0.31,-8.66,-1.34
1982-09-01,-2.54,-2.58,-2.56,-2.59,0.03,3.44,0.46,1.07,1.07,0.32,-2.62,0.04,-2.66,3.87,0.22,0.41,-3.46,-2.98,0.87,3.39,-4.33
1982-12-01,-0.33,-2.82,-1.58,-3.77,2.19,2.77,0.48,-0.04,-0.04,0.32,0.12,-0.66,0.78,2.38,0.22,1.99,-0.40,-0.66,-0.65,2.65,0.26
1983-03-01,5.90,4.63,5.26,2.20,3.06,1.83,0.49,1.46,1.46,0.32,2.20,3.72,-1.52,1.87,0.21,3.66,1.80,11.18,1.68,-7.51,0.12
1983-06-01,11.07,8.04,9.56,4.21,5.34,2.28,0.42,0.36,0.36,0.33,5.73,7.07,-1.34,2.38,0.22,7.59,5.21,12.40,5.56,-4.82,-0.35
1983-09-01,9.70,6.60,8.15,8.05,0.10,3.14,0.35,0.27,0.27,0.33,1.54,6.26,-4.72,4.06,0.22,4.69,0.63,12.49,4.47,-7.80,-3.83
1983-12-01,10.00,11.25,10.62,6.40,4.22,4.11,0.28,0.29,0.29,0.33,4.79,4.22,0.57,1.35,0.23,5.83,4.48,7.20,3.33,-1.37,1.15
1984-03-01,9.84,13.77,11.80,7.68,4.12,5.27,0.21,-0.59,-0.59,0.33,5.32,2.06,3.26,3.61,0.23,8.11,4.49,3.13,1.74,4.97,2.75
1984-06-01,8.53,8.06,8.30,4.99,3.30,5.32,0.22,-0.43,-0.43,0.34,3.48,0.02,3.46,1.84,0.23,4.89,3.05,-2.93,0.91,7.82,2.14
1984-09-01,3.94,4.41,4.18,1.83,2.35,5.25,0.22,1.15,1.15,0.34,0.43,-1.21,1.64,2.98,0.23,2.72,-0.26,-4.00,-0.37,6.72,0.11
1984-12-01,3.13,4.55,3.84,2.26,1.58,5.12,0.22,1.35,1.35,0.34,-0.28,-1.86,1.59,2.39,0.24,1.55,-0.84,-1.68,-1.92,3.23,1.08
1985-03-01,4.71,4.07,4.39,2.99,1.40,4.71,0.23,-1.59,-1.59,0.34,1.88,-2.76,4.63,4.05,0.23,4.98,0.92,-6.72,-1.54,11.69,2.46
1985-06-01,3.85,3.02,3.43,2.22,1.21,4.39,0.23,2.33,2.33,0.33,-1.06,0.42,-1.48,1.24,0.24,-0.12,-1.36,1.89,-0.04,-2.01,-1.32
1985-09-01,6.92,5.32,6.12,0.57,5.55,4.48,0.22,0.18,0.18,0.33,4.14,1.20,2.93,2.29,0.24,5.88,3.59,2.10,0.92,3.79,2.67
1985-12-01,2.92,1.97,2.45,1.63,0.82,4.14,0.22,0.18,0.18,0.33,-0.12,1.25,-1.36,0.24,0.23,0.06,-0.17,3.68,0.50,-3.62,-0.67
1986-03-01,3.91,4.18,4.04,0.11,3.93,4.46,0.22,-0.18,-0.18,0.32,2.66,-1.10,3.76,1.28,0.23,3.64,2.36,-2.76,-0.59,6.40,2.95
1986-06-01,1.57,0.66,1.11,-1.07,2.18,4.16,0.22,0.50,0.50,0.32,0.18,-3.23,3.42,-2.32,0.24,-1.59,0.74,-7.12,-2.02,5.53,2.75
1986-09-01,4.22,2.49,3.36,2.15,1.21,3.69,0.21,0.27,0.27,0.31,0.55,0.17,0.37,-2.52,0.25,-1.35,1.17,2.05,-0.44,-3.40,1.61
1986-12-01,1.95,3.22,2.58,2.92,-0.34,3.06,0.21,1.00,1.00,0.31,-1.07,-0.08,-0.99,-0.33,0.25,-1.31,-0.99,-0.71,0.13,-0.60,-1.12
1987-03-01,3.09,4.62,3.86,4.78,-0.92,2.85,0.21,1.12,1.12,0.31,-1.08,3.25,-4.33,-0.11,0.23,-1.17,-1.05,6.19,2.36,-7.36,-3.41
1987-06-01,4.80,7.46,6.13,2.48,3.65,3.15,0.26,-1.58,-1.58,0.32,4.52,0.20,4.32,1.36,0.24,5.56,4.20,-2.87,1.15,8.43,3.04
1987-09-01,3.00,6.00,4.50,2.50,2.00,3.64,0.32,0.49,0.49,0.32,1.30,-0.01,1.31,2.51,0.24,3.20,0.69,-1.50,0.47,4.70,0.23
1987-12-01,7.58,5.63,6.61,4.06,2.55,4.18,0.37,1.17,1.17,0.32,1.71,1.13,0.58,-1.44,0.23,0.60,2.05,3.59,0.38,-2.99,1.67
1988-03-01,1.49,4.98,3.24,0.28,2.96,4.58,0.43,0.06,0.06,0.32,1.55,-4.16,5.71,3.08,0.24,3.89,0.81,-3.60,-4.34,7.49,5.15
1988-06-01,6.01,5.17,5.59,5.40,0.19,4.09,0.42,0.70,0.70,0.32,0.13,-1.02,1.15,2.11,0.24,1.73,-0.37,1.65,-1.86,0.08,1.48
1988-09-01,2.05,3.70,2.88,0.76,2.12,3.98,0.40,-0.13,-0.13,0.32,1.18,-0.47,1.65,4.33,0.24,4.50,0.16,-1.34,-0.20,5.83,0.37
1988-12-01,5.48,5.68,5.58,4.66,0.92,3.72,0.39,0.59,0.59,0.32,0.82,0.66,0.15,0.06,0.24,0.86,0.81,2.76,0.01,-1.90,0.79
1989-03-01,4.62,2.51,3.56,3.82,-0.26,3.58,0.38,0.85,0.85,0.32,-0.76,0.43,-1.19,2.38,0.23,1.06,-1.32,3.08,-0.38,-2.01,-0.94
1989-06-01,2.98,-1.91,0.53,1.02,-0.49,3.67,0.46,2.46,2.46,0.32,-3.01,-1.04,-1.97,4.92,0.23,0.75,-4.17,-7.94,1.08,8.70,-5.24
1989-09-01,2.98,1.28,2.13,1.42,0.71,3.73,0.55,-0.04,-0.04,0.32,0.01,-2.20,2.21,1.32,0.24,1.01,-0.31,-7.16,-0.65,8.18,0.35
1989-12-01,0.23,-0.24,-0.01,-0.09,0.08,3.72,0.63,0.29,0.29,0.31,-1.31,-0.35,-0.97,0.91,0.23,-0.61,-1.52,-0.82,-0.20,0.21,-1.32
1990-03-01,4.68,3.94,4.31,0.64,3.67,3.45,0.72,0.37,0.37,0.31,2.54,1.81,0.73,3.06,0.23,4.89,1.82,0.35,2.25,4.53,-0.43
1990-06-01,1.12,2.10,1.61,-2.05,3.66,3.41,0.70,0.29,0.29,0.31,1.77,1.22,0.56,3.88,0.23,4.78,0.90,3.82,0.45,0.96,0.44
1990-09-01,-0.46,-1.20,-0.83,-2.45,1.61,3.16,0.68,1.85,1.85,0.31,-1.39,-1.56,0.17,2.05,0.23,0.19,-1.85,-0.99,-1.73,1.18,-0.12
1990-12-01,-5.34,-2.99,-4.16,-1.07,-3.09,2.98,0.66,0.05,0.05,0.31,-4.37,-4.03,-0.35,1.52,0.22,-3.20,-4.72,-11.16,-1.97,7.96,-2.75
1991-03-01,-3.05,-1.68,-2.37,-3.96,1.60,2.80,0.64,1.98,1.98,0.31,-1.87,-3.65,1.79,-0.35,0.22,-2.14,-1.79,-9.00,-2.14,6.87,0.35
1991-06-01,3.95,1.36,2.66,-2.49,5.14,2.38,0.73,0.08,0.08,0.31,3.57,0.92,2.65,1.87,0.22,5.03,3.16,6.17,-0.56,-1.14,3.72
1991-09-01,2.42,1.19,1.80,-0.33,2.14,2.24,0.82,-0.06,-0.06,0.31,1.38,2.13,-0.76,2.53,0.22,3.36,0.82,9.88,-0.04,-6.52,0.86
1991-12-01,1.51,1.49,1.50,-0.87,2.37,2.23,0.91,2.01,2.01,0.31,0.02,0.85,-0.82,1.56,0.22,1.24,-0.31,-1.46,1.49,2.70,-1.80
1992-03-01,6.11,8.84,7.47,-2.60,10.07,2.35,1.00,-1.44,-1.44,0.31,9.56,-0.58,10.14,1.30,0.22,10.57,9.28,-2.15,-0.15,12.72,9.43
1992-06-01,5.03,3.71,4.37,2.09,2.28,2.16,0.92,0.53,0.53,0.30,1.89,3.33,-1.44,2.12,0.22,3.54,1.42,7.72,2.09,-4.18,-0.67
1992-09-01,4.34,0.80,2.57,0.52,2.05,2.64,0.84,1.09,1.09,0.30,0.65,0.07,0.58,2.19,0.22,2.36,0.17,-1.23,0.44,3.59,-0.27
1992-12-01,4.76,4.24,4.50,2.50,2.00,2.76,0.76,1.66,1.66,0.30,0.76,1.45,-0.68,3.73,0.22,3.67,-0.06,1.05,1.56,2.63,-1.62
1993-03-01,-0.26,-3.04,-1.65,2.95,-4.60,2.94,0.68,0.41,0.41,0.30,-4.88,2.17,-7.06,3.64,0.22,-2.05,-5.69,7.67,0.60,-9.72,-6.29
1993-06-01,2.48,5.78,4.13,4.19,-0.06,3.04,0.63,0.03,0.03,0.31,0.28,2.19,-1.92,2.25,0.23,2.02,-0.23,5.08,1.34,-3.07,-1.58
1993-09-01,1.93,0.43,1.18,2.37,-1.19,3.05,0.58,1.11,1.11,0.31,-2.16,1.56,-3.73,2.06,0.23,-0.57,-2.63,2.72,1.22,-3.29,-3.85
1993-12-01,6.83,9.94,8.38,3.74,4.65,2.97,0.53,0.20,0.20,0.31,4.75,1.02,3.73,0.65,0.23,5.25,4.60,5.70,-0.38,-0.46,4.99
1994-03-01,4.65,2.44,3.54,3.74,-0.20,3.19,0.48,3.04,3.04,0.32,-2.09,1.67,-3.76,0.87,0.23,-1.43,-2.30,3.04,1.25,-4.47,-3.55
1994-06-01,6.48,7.53,7.01,6.79,0.21,3.36,0.43,0.22,0.22,0.32,1.16,1.74,-0.58,0.31,0.23,1.40,1.09,3.74,1.15,-2.33,-0.05
1994-09-01,2.37,4.23,3.30,4.42,-1.12,3.47,0.38,1.31,1.31,0.32,-1.70,-1.06,-0.64,0.87,0.23,-1.03,-1.90,-1.78,-0.85,0.75,-1.06
1994-12-01,5.69,5.98,5.83,1.83,4.01,3.39,0.33,-1.35,-1.35,0.33,4.41,1.22,3.20,2.71,0.24,6.48,3.77,3.43,0.53,3.04,3.24
1995-03-01,1.23,1.53,1.38,2.01,-0.64,3.78,0.28,0.79,0.79,0.33,-1.75,-2.60,0.85,1.02,0.24,-0.97,-1.99,-3.65,-2.27,2.68,0.28
1995-06-01,1.10,2.61,1.85,-0.18,2.03,4.08,0.35,1.35,1.35,0.33,-0.28,-4.41,4.13,1.88,0.24,1.15,-0.73,-12.67,-1.81,13.82,1.08
1995-09-01,4.26,6.28,5.27,3.96,1.31,4.08,0.41,-0.19,-0.19,0.33,1.40,0.71,0.69,2.69,0.24,3.44,0.75,-0.06,0.95,3.51,-0.20
1995-12-01,3.50,3.35,3.42,0.79,2.64,3.92,0.48,1.66,1.66,0.33,0.49,-0.43,0.91,3.68,0.24,3.28,-0.40,-0.36,-0.45,3.64,0.05
1996-03-01,3.78,5.70,4.74,0.88,3.86,4.15,0.54,0.61,0.61,0.33,2.37,-4.26,6.63,2.99,0.24,4.63,1.64,-12.30,-1.69,16.93,3.33
1996-06-01,7.82,6.76,7.29,3.37,3.92,4.20,0.47,0.40,0.40,0.33,3.38,6.27,-2.89,5.85,0.24,7.81,1.96,16.39,3.04,-8.58,-1.08
1996-09-01,4.41,4.54,4.48,2.99,1.49,4.40,0.40,-0.60,-0.60,0.34,1.41,1.60,-0.19,3.65,0.24,4.17,0.52,2.99,1.15,1.18,-0.63
1996-12-01,4.95,5.98,5.46,4.36,1.10,4.74,0.34,-0.23,-0.23,0.34,1.12,-0.62,1.74,4.24,0.24,4.33,0.10,-3.18,0.20,7.51,-0.10
1997-03-01,2.77,5.13,3.95,3.56,0.39,4.69,0.27,1.48,1.48,0.34,-0.97,1.34,-2.30,4.24,0.25,2.23,-2.01,6.24,-0.26,-4.01,-1.75
1997-06-01,8.02,6.10,7.06,1.79,5.27,5.00,0.32,0.15,0.15,0.34,4.08,0.76,3.33,5.54,0.24,8.28,2.74,0.45,0.86,7.84,1.88
1997-09-01,5.78,7.65,6.71,2.11,4.60,5.53,0.38,-0.08,-0.08,0.34,3.50,-0.98,4.48,3.87,0.25,6.41,2.54,-4.68,0.23,11.10,2.31
1997-12-01,3.62,6.21,4.92,1.48,3.44,5.83,0.43,0.93,0.93,0.34,1.36,2.04,-0.68,5.22,0.25,5.30,0.07,5.28,0.99,0.02,-0.91
1998-03-01,5.77,5.65,5.71,2.27,3.44,5.68,0.49,-0.80,-0.80,0.33,2.85,-0.05,2.90,3.44,0.25,5.44,2.00,-4.72,1.49,10.16,0.51
1998-06-01,4.14,6.94,5.54,2.36,3.18,6.06,0.43,0.76,0.76,0.33,1.46,-3.44,4.89,4.89,0.25,5.11,0.22,-10.87,-0.93,15.98,1.15
1998-09-01,5.93,6.59,6.26,0.36,5.90,5.86,0.37,0.80,0.80,0.32,3.58,-0.62,4.20,5.12,0.25,7.40,2.29,-1.28,-0.40,8.68,2.69
1998-12-01,7.90,4.55,6.22,4.61,1.62,5.76,0.31,1.16,1.16,0.32,0.45,1.99,-1.53,3.31,0.26,2.91,-0.40,6.57,0.40,-3.65,-0.80
1999-03-01,4.80,7.14,5.97,-1.23,7.20,5.97,0.25,-0.83,-0.83,0.32,5.44,-1.20,6.64,3.15,0.26,7.79,4.63,-2.86,-0.62,10.65,5.25
1999-06-01,3.70,1.89,2.79,2.34,0.46,6.21,0.28,1.45,1.45,0.32,-1.78,-0.62,-1.16,3.87,0.26,1.07,-2.80,1.61,-1.41,-0.54,-1.39
1999-09-01,6.15,4.37,5.26,2.44,2.83,6.33,0.30,0.21,0.21,0.32,1.44,0.35,1.08,4.92,0.27,5.05,0.13,2.39,-0.38,2.67,0.51
1999-12-01,7.50,6.58,7.04,2.11,4.94,6.46,0.33,0.03,0.03,0.32,3.53,-1.62,5.15,3.61,0.26,6.21,2.59,-3.92,-0.81,10.12,3.41
2000-03-01,0.89,9.26,5.07,2.01,3.06,6.19,0.35,0.71,0.71,0.31,1.27,1.58,-0.31,4.11,0.27,4.27,0.16,4.95,0.33,-0.69,-0.18
2000-06-01,8.66,2.73,5.70,0.73,4.96,6.17,0.33,-0.65,-0.65,0.31,3.72,-0.48,4.20,3.27,0.26,6.13,2.86,-3.45,0.59,9.58,2.27
2000-09-01,-0.09,4.12,2.01,-0.24,2.25,6.57,0.31,1.69,1.69,0.31,-1.02,-2.20,1.18,4.13,0.26,2.02,-2.11,-5.28,-1.09,7.30,-1.03
2000-12-01,2.47,-0.50,0.99,-1.93,2.92,6.14,0.29,-1.78,-1.78,0.31,1.68,-3.37,5.04,3.85,0.26,4.51,0.67,-11.36,-0.52,15.87,1.18
2001-03-01,-2.42,4.65,1.12,-0.11,1.23,5.80,0.27,2.85,2.85,0.31,-2.56,-2.44,-0.11,7.09,0.26,2.67,-4.42,-9.85,0.19,12.52,-4.61
2001-06-01,2.60,-1.19,0.71,-3.96,4.67,5.07,0.36,-0.00,-0.00,0.31,1.91,-2.04,3.95,6.10,0.25,6.46,0.36,-2.26,-1.97,8.72,2.32
2001-09-01,-2.74,-3.31,-3.03,-5.18,2.16,4.35,0.46,1.70,1.70,0.31,-1.96,-2.92,0.96,4.25,0.25,1.22,-3.03,-3.68,-2.66,4.90,-0.36
2001-12-01,1.11,-4.64,-1.77,-4.06,2.29,3.69,0.55,-0.18,-0.18,0.31,-0.01,-3.50,3.49,2.48,0.26,1.83,-0.65,-5.81,-2.69,7.64,2.05
2002-03-01,3.78,5.70,4.74,-3.03,7.77,3.16,0.65,-0.27,-0.27,0.32,5.99,1.37,4.62,3.52,0.25,8.63,5.11,10.48,-1.68,-1.86,6.79
2002-06-01,2.60,4.34,3.47,0.76,2.71,3.01,0.61,1.30,1.30,0.32,1.10,1.44,-0.33,3.63,0.25,3.83,0.20,6.87,-0.36,-3.04,0.56
2002-09-01,1.74,1.13,1.43,-1.69,3.12,2.84,0.57,0.40,0.40,0.33,1.38,-1.06,2.44,4.61,0.25,4.84,0.23,-4.17,-0.03,9.01,0.26
2002-12-01,0.28,3.49,1.89,0.75,1.13,2.74,0.54,-0.19,-0.19,0.33,0.61,0.85,-0.24,4.60,0.24,4.08,-0.51,3.28,0.07,0.80,-0.58
2003-03-01,1.85,-1.23,0.31,-2.14,2.45,2.33,0.50,-0.37,-0.37,0.33,1.22,1.26,-0.03,8.03,0.24,7.32,-0.71,1.79,1.09,5.53,-1.80
2003-06-01,4.22,3.83,4.02,-2.07,6.10,2.33,0.44,1.01,1.01,0.33,3.95,-0.66,4.61,4.69,0.25,7.49,2.80,-2.14,-0.19,9.63,2.99
2003-09-01,8.59,5.53,7.06,1.25,5.81,2.34,0.38,0.64,0.64,0.34,5.02,0.38,4.63,6.62,0.25,10.01,3.39,1.14,0.14,8.87,3.25
2003-12-01,5.30,3.66,4.48,2.11,2.37,2.63,0.32,0.55,0.55,0.34,1.82,3.97,-2.15,4.95,0.24,5.57,0.62,12.77,1.14,-7.20,-0.52
2004-03-01,1.82,3.19,2.50,1.25,1.25,2.79,0.26,-0.58,-0.58,0.34,1.11,1.48,-0.37,5.35,0.24,5.17,-0.18,6.30,-0.05,-1.12,-0.13
2004-06-01,3.67,5.55,4.61,0.59,4.02,2.72,0.22,0.40,0.40,0.34,3.03,-0.76,3.78,3.47,0.24,5.66,2.19,-2.81,-0.10,8.47,2.29
2004-09-01,4.40,5.88,5.14,2.49,2.65,3.10,0.18,-1.22,-1.22,0.35,3.24,0.04,3.20,5.35,0.24,7.29,1.94,-2.81,0.95,10.10,0.99
2004-12-01,4.51,2.04,3.27,1.01,2.26,3.47,0.14,1.87,1.87,0.35,0.19,-2.07,2.26,3.74,0.24,3.02,-0.72,-4.40,-1.32,7.42,0.59
2005-03-01,5.14,3.86,4.50,1.19,3.31,3.79,0.09,1.16,1.16,0.35,1.64,0.52,1.12,3.39,0.24,4.21,0.82,0.36,0.57,3.85,0.25
2005-06-01,1.66,4.09,2.88,3.14,-0.26,3.79,0.16,-1.00,-1.00,0.36,0.14,-0.63,0.77,4.24,0.24,3.35,-0.89,-5.19,0.85,8.54,-1.74
2005-09-01,3.71,3.51,3.61,0.93,2.68,3.68,0.22,-0.55,-0.55,0.36,2.03,1.97,0.06,8.56,0.24,8.50,-0.06,5.75,0.76,2.75,-0.82
2005-12-01,2.75,7.69,5.22,1.86,3.36,3.73,0.29,1.18,1.18,0.37,1.93,3.43,-1.50,4.89,0.24,5.65,0.76,6.71,2.41,-1.06,-1.64
2006-03-01,6.65,7.70,7.18,3.57,3.60,3.78,0.35,0.43,0.43,0.37,3.26,0.66,2.60,3.96,0.24,6.27,2.30,0.15,0.82,6.12,1.48
2006-06-01,0.90,1.68,1.29,1.65,-0.36,3.77,0.46,0.23,0.23,0.37,-1.29,2.67,-3.96,5.74,0.24,3.08,-2.66,4.51,2.09,-1.43,-4.76
2006-09-01,0.36,1.61,0.99,1.70,-0.71,3.56,0.57,0.53,0.53,0.37,-1.74,1.02,-2.77,3.78,0.24,1.13,-2.66,-0.61,1.54,1.73,-4.19
2006-12-01,4.28,0.98,2.63,1.86,0.77,3.45,0.68,-0.61,-0.61,0.37,0.56,-0.47,1.03,1.77,0.24,1.90,0.13,-4.82,0.92,6.73,-0.78
2007-03-01,1.30,-0.29,0.50,0.54,-0.04,3.19,0.79,0.29,0.29,0.37,-1.20,-0.27,-0.92,5.24,0.24,2.78,-2.46,-0.61,-0.17,3.39,-2.29
2007-06-01,2.55,1.87,2.21,1.21,1.00,3.34,0.77,1.15,1.15,0.36,-0.51,1.60,-2.10,4.42,0.24,2.85,-1.56,6.98,-0.10,-4.13,-1.47
2007-09-01,2.18,-5.39,-1.61,-1.70,0.09,3.43,0.75,1.61,1.61,0.36,-2.77,-1.53,-1.24,4.41,0.24,0.59,-3.82,-1.17,-1.64,1.77,-2.18
2007-12-01,2.02,-1.10,0.46,-0.71,1.17,3.46,0.72,-0.98,-0.98,0.35,0.33,-2.25,2.58,4.41,0.24,3.69,-0.72,-4.67,-1.50,8.35,0.79
2008-03-01,-3.59,-1.69,-2.64,-1.29,-1.35,3.60,0.70,2.70,2.70,0.35,-4.81,0.17,-4.98,1.91,0.24,-3.35,-5.26,1.75,-0.31,-5.10,-4.95
2008-06-01,2.04,-2.11,-0.03,-2.23,2.19,3.40,0.87,0.10,0.10,0.35,0.18,-0.36,0.54,2.79,0.23,2.33,-0.47,-2.88,0.39,5.20,-0.86
2008-09-01,-3.57,-1.40,-2.49,-4.55,2.06,3.08,1.03,0.33,0.33,0.35,-0.80,-3.22,2.42,2.78,0.23,1.34,-1.43,-8.28,-1.75,9.62,0.31
2008-12-01,-11.92,-12.45,-12.19,-10.81,-1.37,2.64,1.20,0.97,0.97,0.35,-6.72,-6.68,-0.04,-3.35,0.22,-9.34,-6.00,-18.81,-3.32,9.46,-2.68
2009-03-01,-6.08,-8.96,-7.52,-10.28,2.76,1.55,1.36,1.85,1.85,0.36,-2.65,-7.17,4.53,2.97,0.21,-0.30,-3.27,-19.37,-3.93,19.07,0.66
2009-06-01,-0.87,1.97,0.55,-9.24,9.79,0.71,1.02,2.10,2.10,0.36,4.84,-5.54,10.38,0.02,0.21,4.86,4.84,-3.04,-6.20,7.90,11.04
2009-09-01,1.66,1.98,1.82,-4.52,6.34,0.59,0.69,0.50,0.50,0.37,4.13,4.70,-0.56,3.42,0.21,6.83,3.41,15.63,1.74,-8.80,1.67
2009-12-01,5.18,7.73,6.45,-0.86,7.32,0.81,0.35,0.60,0.60,0.38,6.31,3.69,2.62,2.69,0.21,8.43,5.75,15.13,0.63,-6.69,5.12
2010-03-01,1.82,2.18,2.00,1.34,0.66,1.42,0.02,0.83,0.83,0.38,0.12,4.18,-4.06,6.47,0.21,5.21,-1.25,8.10,3.12,-2.89,-4.38
2010-06-01,4.52,4.50,4.51,3.79,0.72,1.49,0.21,-1.51,-1.51,0.39,2.54,5.00,-2.46,4.45,0.21,6.03,1.58,11.87,3.12,-5.84,-1.54
2010-09-01,4.40,8.36,6.38,1.21,5.17,1.65,0.40,1.23,1.23,0.39,4.24,1.87,2.37,3.78,0.22,7.20,3.42,1.00,2.11,6.20,1.31
2010-12-01,2.88,1.46,2.17,1.91,0.26,1.89,0.58,1.08,1.08,0.39,-0.40,1.71,-2.11,3.55,0.22,2.37,-1.18,3.43,1.23,-1.06,-2.41
2011-03-01,-1.96,-0.08,-1.02,1.06,-2.07,1.85,0.77,-0.72,-0.72,0.39,-1.94,-0.03,-1.92,2.32,0.22,-0.13,-2.46,1.23,-0.39,-1.37,-2.07
2011-06-01,3.64,3.92,3.78,3.98,-0.20,1.72,0.65,0.47,0.47,0.38,0.38,2.09,-1.70,2.27,0.22,2.15,-0.12,-0.83,2.91,2.98,-3.03
2011-09-01,0.26,1.53,0.90,1.27,-0.37,1.90,0.54,2.39,2.39,0.39,-2.08,-1.19,-0.89,3.04,0.23,0.27,-2.77,-1.77,-1.02,2.04,-1.74
2011-12-01,5.93,4.85,5.39,3.41,1.98,2.09,0.42,-1.53,-1.53,0.39,3.43,1.21,2.21,2.07,0.23,5.03,2.96,2.84,0.74,2.20,2.22
2012-03-01,4.88,10.94,7.91,3.52,4.39,2.35,0.31,0.43,0.43,0.39,4.59,0.99,3.60,1.41,0.23,5.68,4.27,3.33,0.31,2.35,3.96
2012-06-01,2.44,1.29,1.87,0.74,1.13,2.43,0.35,2.89,2.89,0.39,-1.29,-0.97,-0.32,3.81,0.23,1.66,-2.16,-0.77,-1.03,2.43,-1.13
2012-09-01,0.75,-4.56,-1.90,1.79,-3.69,2.52,0.40,-1.62,-1.62,0.39,-3.00,0.10,-3.10,3.76,0.23,-0.10,-3.85,-3.17,1.05,3.07,-4.91
2012-12-01,0.62,7.57,4.10,2.03,2.07,2.31,0.44,1.06,1.06,0.39,1.31,1.34,-0.03,2.48,0.23,3.22,0.74,-2.11,2.37,5.34,-1.63
2013-03-01,4.95,-0.30,2.33,1.53,0.79,2.26,0.49,-0.04,-0.04,0.39,0.53,0.57,-0.03,2.96,0.23,2.81,-0.15,3.07,-0.19,-0.26,0.04
2013-06-01,1.34,3.13,2.24,1.79,0.44,2.60,0.35,0.30,0.30,0.39,-0.06,0.30,-0.36,2.50,0.23,1.87,-0.63,-0.80,0.63,2.66,-1.26
2013-09-01,4.49,0.48,2.48,2.54,-0.06,2.55,0.20,-0.77,-0.77,0.39,0.41,-0.73,1.14,4.02,0.23,3.51,-0.51,0.31,-1.04,3.20,0.53
2013-12-01,4.75,3.20,3.97,1.20,2.78,2.86,0.06,0.46,0.46,0.39,1.85,-0.60,2.45,3.36,0.23,4.44,1.08,0.71,-0.99,3.73,2.06
2014-03-01,-2.01,3.31,0.65,1.74,-1.08,3.13,-0.08,2.59,2.59,0.39,-3.20,-0.69,-2.52,3.49,0.23,-0.52,-4.01,-3.20,0.07,2.68,-4.08
2014-06-01,6.77,7.24,7.01,3.57,3.44,2.91,0.11,-2.42,-2.42,0.40,5.16,2.15,3.01,4.70,0.23,8.77,4.07,6.88,0.72,1.89,3.35
2014-09-01,6.44,6.09,6.27,3.61,2.65,3.03,0.30,1.38,1.38,0.40,2.05,0.11,1.94,2.82,0.23,4.21,1.39,0.24,0.07,3.97,1.32
2014-12-01,2.64,4.49,3.57,4.79,-1.23,3.08,0.49,-0.50,-0.50,0.40,-0.24,1.76,-2.01,0.90,0.23,0.44,-0.45,2.44,1.56,-1.99,-2.01
2015-03-01,4.54,3.34,3.94,1.42,2.52,2.88,0.68,-0.10,-0.10,0.39,2.01,-1.16,3.17,-0.58,0.23,1.56,2.15,-4.99,0.00,6.55,2.14
2015-06-01,3.05,1.62,2.33,1.33,1.00,2.98,0.59,-0.01,-0.01,0.39,0.36,-1.82,2.18,3.03,0.23,2.69,-0.34,-1.83,-1.81,4.53,1.47
2015-09-01,1.70,0.49,1.10,0.26,0.83,2.90,0.50,1.54,1.54,0.39,-1.13,0.57,-1.70,3.08,0.23,1.23,-1.85,-1.65,1.24,2.88,-3.10
2015-12-01,0.59,0.67,0.63,2.78,-2.15,2.87,0.41,0.84,0.84,0.39,-2.70,0.05,-2.75,2.04,0.23,-1.14,-3.18,-0.30,0.15,-0.83,-3.33
2016-03-01,2.68,2.79,2.73,1.65,1.08,2.78,0.32,-2.18,-2.18,0.39,1.98,-0.47,2.45,1.79,0.23,3.35,1.56,2.63,-1.42,0.72,2.98
2016-06-01,1.39,-2.79,-0.70,1.64,-2.34,2.76,0.26,2.12,2.12,0.39,-4.07,-0.35,-3.72,4.55,0.23,-0.58,-5.13,1.43,-0.89,-2.01,-4.24
2016-09-01,3.39,3.12,3.26,1.12,2.13,2.70,0.21,-1.08,-1.08,0.38,2.20,-0.02,2.22,4.03,0.23,5.29,1.26,3.10,-0.96,2.19,2.22
2016-12-01,2.80,2.47,2.64,-0.51,3.14,2.72,0.16,0.22,0.22,0.38,1.77,0.56,1.22,3.82,0.23,4.71,0.89,-1.03,1.03,5.74,-0.15
2017-03-01,2.14,3.86,3.00,2.07,0.93,2.84,0.11,0.74,0.74,0.38,0.18,-1.40,1.58,2.66,0.23,2.22,-0.43,-2.31,-1.12,4.54,0.69
2017-06-01,2.61,2.90,2.75,3.05,-0.30,2.77,0.34,-0.28,-0.28,0.38,-0.02,2.07,-2.09,1.86,0.23,1.41,-0.45,3.61,1.61,-2.20,-2.06
2017-09-01,3.94,2.39,3.16,-0.10,3.26,2.83,0.56,0.54,0.54,0.38,1.82,-0.97,2.78,4.58,0.23,5.33,0.75,-2.38,-0.54,7.71,1.28
2017-12-01,5.39,5.07,5.23,3.44,1.80,2.90,0.79,-0.29,-0.29,0.38,2.19,1.28,0.91,3.31,0.24,4.71,1.41,1.66,1.16,3.05,0.25
2018-03-01,3.72,3.27,3.49,1.77,1.73,2.99,1.01,1.33,1.33,0.38,0.44,0.91,-0.47,2.80,0.24,2.58,-0.23,4.57,-0.22,-2.00,-0.01
2018-06-01,2.18,2.55,2.37,1.14,1.23,3.11,0.54,-0.60,-0.60,0.38,0.84,1.43,-0.59,4.01,0.24,3.91,-0.10,1.49,1.41,2.42,-1.51
2018-09-01,2.82,4.69,3.75,2.33,1.42,3.05,0.08,0.74,0.74,0.38,0.69,-1.85,2.54,2.41,0.23,2.54,0.13,-2.20,-1.74,4.74,1.87
2018-12-01,0.55,1.97,1.26,1.31,-0.04,3.08,-0.39,1.44,1.44,0.38,-1.61,-0.88,-0.72,2.83,0.24,0.55,-2.27,-0.93,-0.87,1.49,-1.40
2019-03-01,2.78,4.70,3.74,-0.56,4.30,3.01,-0.86,-1.07,-1.07,0.38,3.61,-1.66,5.27,-0.08,0.23,3.55,3.63,-7.12,0.01,10.67,3.62
2019-06-01,3.62,0.49,2.05,0.13,1.93,2.93,0.57,-0.24,-0.24,0.38,1.01,-1.87,2.88,2.93,0.23,3.26,0.32,-2.65,-1.62,5.91,1.95
2019-09-01,5.34,2.88,4.11,2.24,1.87,2.98,1.98,0.04,0.04,0.38,1.56,-2.25,3.82,2.63,0.23,3.58,0.95,-3.22,-1.96,6.80,2.91
2019-12-01,2.65,3.41,3.03,-0.52,3.55,2.94,3.38,1.24,1.24,0.38,1.47,-1.82,3.28,3.66,0.23,4.28,0.62,-2.69,-1.55,6.98,2.18
2020-03-01,-7.51,-3.52,-5.51,-6.43,0.92,2.85,4.74,1.91,1.91,0.38,-3.80,-2.56,-1.24,0.50,0.23,-3.41,-3.91,-2.59,-2.55,-0.82,-1.37
2020-06-01,-39.85,-44.48,-42.16,-57.65,15.49,2.53,2.89,6.76,6.76,0.38,-11.68,-17.20,5.52,-6.51,0.24,-16.60,-10.09,-64.31,-1.97,47.71,-8.12
2020-09-01,37.81,31.87,34.84,31.23,3.61,1.35,1.07,-2.61,-2.61,0.38,16.70,19.53,-2.83,3.60,0.25,19.41,15.82,63.01,5.35,-43.60,10.47
2020-12-01,5.30,18.71,12.00,9.29,2.72,2.19,-0.73,-3.31,-3.31,0.39,7.50,4.14,3.36,0.75,0.25,8.06,7.31,7.50,3.02,0.56,4.29
2021-03-01,6.46,3.76,5.11,4.53,0.58,2.43,-2.54,0.25,0.25,0.39,1.25,3.66,-2.41,8.22,0.25,7.41,-0.81,4.29,3.45,3.13,-4.26
2021-06-01,6.92,4.95,5.93,5.86,0.07,2.55,-1.71,0.12,0.12,0.39,1.31,1.33,-0.02,1.86,0.25,2.70,0.84,-1.97,2.44,4.67,-1.60
2021-09-01,3.25,3.62,3.43,5.27,-1.84,2.55,-0.86,-1.85,-1.85,0.40,0.36,-0.40,0.76,0.66,0.24,0.86,0.20,-1.12,-0.16,1.98,0.36
2021-12-01,8.44,7.50,7.97,5.65,2.32,2.57,-0.01,1.25,1.25,0.40,2.79,-1.83,4.62,2.01,0.24,4.32,2.30,-1.96,-1.78,6.27,4.09
2022-03-01,-3.07,0.12,-1.48,3.89,-5.37,2.85,0.84,-0.87,-0.87,0.40,-4.43,0.08,-4.51,4.05,0.25,-1.38,-5.42,4.32,-1.30,-5.69,-4.12
2022-06-01,-1.28,-0.56,-0.92,2.12,-3.04,3.05,0.63,-1.03,-1.03,0.40,-2.79,0.30,-3.09,8.43,0.25,3.57,-4.86,-0.39,0.52,3.97,-5.38
2022-09-01,2.69,2.71,2.70,2.46,0.23,2.83,0.42,1.90,1.90,0.40,-1.06,-1.21,0.16,0.78,0.25,-0.47,-1.25,-0.33,-1.50,-0.14,0.26
2022-12-01,2.83,-4.39,-0.78,0.90,-1.68,2.80,0.21,1.61,1.61,0.40,-3.40,-2.55,-0.86,3.91,0.24,-0.44,-4.35,-6.63,-1.25,6.19,-3.10
2023-03-01,2.07,-0.19,0.94,2.63,-1.69,2.79,0.24,-2.02,-2.02,0.40,-0.54,0.39,-0.93,0.26,0.24,-0.34,-0.60,-1.66,1.05,1.31,-1.66
2023-06-01,1.96,-0.12,0.92,-1.38,2.30,2.57,0.26,4.13,4.13,0.40,-1.76,-0.13,-1.63,1.44,0.24,-0.68,-2.11,4.14,-1.51,-4.82,-0.61
2023-09-01,5.48,1.25,3.36,0.75,2.62,2.57,0.28,1.76,1.76,0.40,0.83,0.07,0.76,4.94,0.24,4.59,-0.35,-0.67,0.30,5.25,-0.65
2023-12-01,3.48,,3.48,0.22,3.26,2.51,0.29,-0.45,-0.45,0.40,2.62,-2.37,4.99,1.44,0.24,3.72,2.28,-7.15,-0.87,10.87,3.15
